23.5921
11.6278
16.1259
8.66649
12.9137
29.2369
3.83981
18.1508
30.7622
11.1574
4.07254
15.9785
13.1096
19.0557
14.2143
24.4588
7.60589
3.51922
15.1559
12.0068
8.75397
32.7902
1.41914
22.5479
5.84231
8.54242
14.8623
25.1781
15.727
5.60435
7.07348
2.13424
17.626
19.1245
8.70637
5.89397
16.8337
5.73462
19.8348
4.42447
26.0495
5.58591
5.84252
16.7955
18.1532
11.4132
11.8937
12.6292
10.8301
19.4395
5.36731
15.5985
18.6997
13.3997
15.0798
14.051
15.3174
4.01899
9.33467
12.1559
12.252
4.85937
22.8155
8.04344
10.5349
1.5286
22.9148
13.0107
5.61804
11.0843
24.7001
20.4413
4.37599
14.2864
9.08803
3.77356
20.7547
7.9454
2.62897
24.3281
0.965868
20.3839
6.60941
2.70838
14.4194
2.8025
15.4071
16.5174
3.49717
9.506
12.0087
9.57566
21.792
9.81089
12.8761
6.72853
27.6159
7.91723
2.7907
4.2721
15.8277
12.5851
11.6809
15.1509
19.286
3.63098
6.00865
18.5154
7.95536
1.45205
26.2417
15.7281
7.32742
7.43478
7.20502
7.00882
16.22
14.2619
14.2873
15.9492
0.372693
13.2221
12.9851
2.52553
20.759
8.17633
6.42573
7.50494
17.387
10.8138
16.5888
3.64637
10.0364
5.42437
21.2995
4.84531
5.91746
5.8217
14.3003
9.90198
12.2788
8.01041
2.50033
24.8812
9.51073
6.54519
5.32252
29.2871
2.05953
12.7325
9.43164
10.9667
14.6132
10.073
11.6373
7.92947
17.4845
5.57741
7.85605
18.4721
6.48647
17.77
1.3005
6.10582
10.0242
16.6507
7.02019
9.17681
6.18729
5.99275
22.1348
13.4262
1.34289
14.8484
6.41314
14.0313
6.50595
8.60176
22.9438
15.7764
5.53772
9.99171
3.21447
5.66926
9.98379
11.0661
14.2428
0.808335
11.4415
15.4643
13.778
2.693
11.767
5.60611
24.3309
15.4146
2.15613
8.97096
14.1439
5.55725
11.7198
11.1301
9.60371
10.5966
2.96201
29.4358
4.45579
1.22878
4.85803
16.0192
6.25187
8.85694
6.95214
5.02377
13.8203
4.25995
10.869
22.0958
7.12254
1.36063
26.6829
13.6309
8.57385
8.49126
23.172
1.8565
3.39945
13.5485
2.69205
8.59175
7.4563
10.3568
5.94589
16.439
22.4905
9.14323
9.93429
12.4504
11.5018
9.55989
9.60487
7.25862
13.4634
6.31941
18.5254
9.60842
3.95298
10.8289
13.6437
6.28844
9.83881
7.56101
12.9367
4.9585
19.7954
9.38355
2.50896
8.29878
17.9569
4.98462
24.4179
5.15823
2.05448
16.17
9.82581
6.01319
4.32669
24.7912
2.21114
12.2581
16.3701
5.93634
23.8614
2.47084
7.76102
4.59348
14.7177
4.38958
5.83189
9.64643
12.8547
19.113
11.282
2.2477
4.78291
9.22917
11.4509
6.01739
23.4188
12.0696
1.72681
15.1293
5.75874
9.42875
11.7673
13.4691
8.45625
3.02469
13.4829
7.12464
4.40339
10.0674
23.5632
1.72312
7.44484
8.06192
6.07205
21.8723
6.27168
6.53609
7.29767
9.32061
5.98911
9.84862
16.2548
0.8999
17.8178
10.4747
11.2301
7.03491
6.39402
25.4452
6.22306
9.96187
8.01504
4.91958
25.1098
2.67873
12.1073
3.60037
9.25966
3.56153
13.8587
5.17692
4.33734
21.3556
9.48894
7.67234
7.8652
6.31352
20.7015
9.25654
9.26688
10.1046
5.4481
7.7165
16.9554
14.6708
17.2099
1.59444
18.427
8.41336
1.49602
15.6436
4.04036
16.366
4.68526
9.76993
7.33981
22.1041
3.08713
8.40515
11.8071
18.7423
6.92944
12.9446
7.9598
11.5191
4.07419
8.30161
16.041
9.6648
3.57276
9.90913
9.89795
2.06912
4.3646
20.7298
8.9769
5.60995
18.8742
16.7357
7.61436
1.74858
3.42934
12.3512
16.909
9.62632
14.9512
11.4377
8.4999
12.6804
11.6906
4.77188
15.0086
7.30415
21.8804
5.05828
2.88206
2.7227
14.17
8.38598
18.435
4.95454
14.3073
4.97086
3.3219
16.6893
8.13793
7.56493
5.23567
20.4932
8.35379
18.0929
13.0397
10.7279
11.8577
11.7725
10.4751
4.36688
12.4835
5.39692
8.92071
10.2334
16.9733
6.68044
9.84019
18.4582
2.96652
14.772
1.59017
11.7133
13.5656
5.1328
11.4702
17.3478
11.6924
2.12912
15.9654
7.14577
18.3143
2.7035
9.15704
10.0177
2.12225
16.5697
7.94004
6.83461
20.0913
12.4805
9.48573
22.1676
5.79939
4.48719
14.1566
20.1011
2.63519
11.1464
8.8764
7.71457
18.5031
5.20236
20.7183
11.2432
12.7031
13.1795
11.6759
7.99444
4.95606
10.222
14.112
14.1007
2.39414
7.21009
13.2942
7.98417
6.67928
6.28381
21.2802
14.9733
3.84494
19.9498
11.2071
7.58521
6.03718
28.9134
4.94663
3.89212
14.5503
7.63668
15.9862
14.7347
11.3679
14.8316
4.93072
3.77611
7.51372
17.9745
6.18587
6.37382
18.6413
12.7077
2.07353
7.09732
18.2308
5.13499
19.3892
13.0355
10.2456
17.0091
1.36817
9.39433
16.8
7.66817
25.0276
10.8134
4.30504
19.1609
22.4145
5.97633
12.0015
7.83046
20.6128
11.6462
2.48227
17.7183
6.74473
17.3475
5.85836
8.57798
16.1171
13.6767
4.96791
22.1212
4.79273
5.29952
24.3329
17.8991
11.3235
5.61051
21.526
21.6436
3.29938
6.11064
14.9049
13.573
5.22713
6.4466
11.997
20.2842
19.7024
8.00248
20.4956
9.28928
10.6603
13.6387
10.033
4.94777
11.6692
21.6205
15.1673
4.76017
15.0406
11.1336
12.1952
3.00572
25.0604
19.6524
14.0613
3.58519
15.8896
11.5142
8.99796
12.0099
22.245
15.2019
12.7276
13.5055
16.3849
4.6888
25.6371
24.5537
7.13506
14.243
11.1797
11.3945
16.1506
21.4068
3.15325
16.7015
6.6058
31.9205
10.1546
10.7469
17.4653
25.2106
3.43344
22.0966
15.3348
13.4021
20.543
23.791
6.47034
21.6964
6.16341
13.6743
23.5497
4.3672
15.0572
4.41447
20.3691
9.84803
11.1613
17.2629
12.2378
14.2201
21.8013
6.55755
11.4669
14.0574
15.5597
22.2707
8.14623
32.3659
13.3819
15.2769
6.33086
19.0014
21.6103
3.97156
8.68575
4.60048
6.59065
10.8316
17.8641
38.213
2.50089
15.0997
9.99628
6.84864
9.98234
15.9313
9.51121
12.4898
1.6133
24.6277
15.932
5.48664
10.5115
4.33066
28.8273
7.87647
8.48004
1.06245
12.7446
17.9987
15.1582
16.2418
7.75648
20.0793
2.16636
6.65202
17.6815
25.7218
9.55057
6.94774
10.1411
17.5241
12.5343
14.076
7.82373
15.0079
1.42869
12.2305
19.3732
7.93956
23.5734
1.42098
15.6651
10.3611
11.8816
9.97217
11.2878
11.2872
7.82108
3.68079
18.2568
11.2394
22.9009
7.69169
17.1237
19.6931
2.91383
9.99874
9.56446
6.32406
14.2391
3.29094
18.8556
23.462
4.1683
6.98312
4.6058
10.6492
11.8969
15.8773
15.5472
7.06275
6.36323
7.26147
19.5987
10.213
10.143
10.2399
12.5509
3.88291
9.11121
8.63345
10.8861
16.6724
8.36573
9.93705
3.03284
20.3983
2.21785
9.36753
17.7342
3.12917
18.7369
14.053
15.7713
9.75127
12.3107
6.0045
15.0249
11.4246
13.2457
11.0832
7.29887
12.028
5.45843
12.4653
20.6304
4.53848
12.3194
12.7688
11.0653
10.0623
8.29685
2.52353
3.19901
17.3738
15.6948
8.5596
9.51311
9.69847
11.2528
9.85115
11.2114
12.219
8.16903
12.1967
6.20111
12.8647
10.0014
18.1422
9.12065
6.53868
17.3965
8.7081
5.44447
6.11969
17.3679
5.85692
18.6532
4.88065
17.7872
11.3652
2.48157
12.5562
5.70284
14.3158
5.12042
7.29886
10.9721
8.10627
8.98835
17.8731
14.6925
4.65359
14.8032
15.1724
4.94546
24.4082
2.68847
2.89636
9.99906
3.29067
21.9026
6.75376
23.6602
6.7411
9.55316
10.6725
15.5494
6.82627
11.2802
10.653
12.6381
3.89947
3.17071
12.0613
9.08845
10.1046
11.9961
3.08309
11.2227
14.176
9.24237
12.972
3.0136
5.50074
4.65174
21.4955
5.79628
8.3863
17.6858
19.9471
9.32115
6.68084
6.6074
8.05505
3.84628
13.2001
11.2586
13.4956
6.36286
6.80794
10.9259
8.84171
16.7308
3.32906
8.3818
10.7907
11.6329
8.07301
4.23467
14.1854
7.44297
5.6885
19.4711
12.528
7.80509
11.5318
11.3406
13.9744
13.731
6.96719
15.3438
12.2854
10.8659
3.01575
15.2038
7.40173
7.09116
7.86347
11.3017
11.109
10.7256
17.8411
1.43525
11.0637
6.90408
15.5621
11.5087
6.307
4.15231
16.1581
12.1402
5.89072
9.04282
17.7459
6.42277
6.82816
18.5021
3.38567
14.2189
6.65524
10.1562
6.35607
8.27949
8.8244
5.0647
17.658
6.74654
6.74122
2.25903
16.401
13.3676
9.20347
12.8868
6.74812
8.73847
12.8811
2.20867
7.9036
10.933
8.68856
14.4702
2.77218
14.87
8.12865
12.3637
11.4107
8.07429
15.8879
4.87802
8.18588
5.43653
12.5671
11.0174
7.66528
25.513
2.4328
9.41604
15.4066
11.3827
1.62022
16.9719
4.39678
11.4915
13.3475
9.88077
17.1179
10.9422
14.2728
1.85811
10.5113
5.24985
8.42361
9.00755
18.339
12.253
3.53849
6.02213
17.943
16.2318
11.6942
11.4887
7.68228
12.0701
8.87856
3.23215
13.8565
4.20764
14.4011
2.32705
6.78055
12.8769
10.7762
2.39863
16.2408
17.2371
6.61065
13.2181
4.17796
5.67496
15.8843
6.37802
16.7148
17.4828
8.6218
13.1616
1.64528
3.95452
10.1783
9.75826
12.2808
18.6698
2.42985
20.3286
10.201
7.72507
12.0452
3.48361
8.13257
23.1125
5.72253
6.98273
10.2728
8.77371
6.45784
10.6089
20.7803
4.15975
4.21641
8.33047
4.21513
16.675
7.34295
17.352
12.325
8.8918
5.41739
13.3781
11.5091
1.68203
12.0348
9.33126
19.3557
9.10937
2.71042
11.7479
18.5538
5.57781
11.6903
11.059
11.6906
7.813
7.05369
18.7507
9.52272
8.46963
3.17939
21.2258
4.44688
10.0329
9.72144
11.1198
13.1633
17.7361
12.5019
11.0086
14.4146
8.49118
2.9159
6.59843
12.9842
26.6554
4.23579
13.0042
3.59092
12.0674
9.84008
2.28142
11.3257
9.28095
10.2667
9.27556
8.47221
14.8308
9.76571
12.6978
8.28003
6.20198
16.6006
12.2911
13.7939
7.7577
16.0614
2.32743
3.14559
15.3807
15.8704
3.09252
9.07399
15.0395
12.5129
10.1867
1.49488
20.9722
6.1539
17.4633
2.16425
17.5251
11.4181
6.1333
1.49973
18.3758
13.3846
15.9561
9.96593
8.23903
15.1534
5.73656
17.7748
4.38007
13.1699
21.3049
8.47702
11.0174
7.02547
1.91307
7.34087
4.02559
27.6865
7.79613
13.4113
28.5225
4.55168
13.6964
7.60137
10.1108
13.3492
10.4729
6.14915
9.40654
15.97
11.0776
8.9886
0.904512
31.6817
18.8343
5.76872
21.4918
6.3739
12.6949
4.72803
13.7775
5.69706
7.76261
5.66734
21.0623
13.1849
8.89317
5.84298
15.2759
17.6402
14.1285
12.4782
8.73223
11.5368
17.784
14.8265
14.5121
10.1554
20.6728
22.6083
5.83672
6.17707
6.16389
15.505
18.406
15.0755
12.4344
6.1095
10.5535
11.0463
15.6623
5.67833
9.04054
10.0119
17.0303
5.727
23.9143
2.64985
8.85445
18.5714
12.2295
13.2205
15.2718
4.5443
13.3051
9.52055
16.1519
0.435291
26.2928
3.15232
8.47192
28.1514
13.1414
17.2477
0.875972
21.5532
3.82423
34.3607
7.78778
7.87098
25.6704
24.9448
5.1029
12.8236
16.1451
3.35198
20.8115
6.5442
30.3808
24.4844
6.66147
12.809
14.4411
9.7901
7.96345
7.42368
28.7031
12.8508
18.2791
20.2831
11.1294
8.8342
4.14777
17.8641
22.6841
4.12593
40.5008
13.2954
7.16408
10.1972
18.9261
18.7294
2.69909
21.5599
7.09732
10.9373
21.4669
18.1414
11.5635
2.516
22.1783
7.5273
17.4134
15.0864
10.6477
8.49005
17.3862
10.7111
13.8214
33.8597
1.73346
21.3432
10.8698
1.68731
25.0732
3.10345
21.2064
14.0104
14.1021
7.53512
11.4975
16.2683
12.3828
10.3029
15.4423
20.846
2.9477
20.0448
9.99633
18.6116
11.4646
16.2756
10.7976
2.63857
16.6115
7.77544
9.94842
18.3358
2.11909
16.1383
9.01343
8.12196
15.294
19.7428
2.65617
17.6715
5.56586
9.32305
5.70362
13.9167
24.6676
6.93209
5.23795
8.94135
6.07181
9.9243
27.0235
16.491
6.5386
26.1417
7.35066
6.04615
25.7032
2.65511
7.18214
21.2322
11.7666
3.71252
12.0568
1.62162
18.8811
11.1994
12.9491
11.4804
16.7335
6.4269
12.1854
10.9504
11.2351
10.8555
7.72569
5.16187
23.6265
6.33142
7.63877
16.144
10.45
11.7862
8.13111
13.7392
7.83185
14.6221
20.271
3.96977
10.495
20.15
10.8926
1.33833
9.70968
4.30996
14.8228
13.0612
7.60321
6.93421
18.2858
9.02008
11.6492
22.5154
3.35229
21.6905
7.1253
18.1024
9.04467
2.08756
13.5816
7.89546
10.2621
6.63914
13.3221
21.217
6.31228
19.3061
13.4041
2.04386
7.51782
17.2833
7.75003
9.35814
7.32855
8.5601
11.1263
3.63134
17.8014
6.73092
5.05325
11.7646
18.3714
6.56813
11.7224
15.4023
12.6339
8.21729
15.1752
11.6379
12.1812
9.02076
8.04904
19.3895
18.3365
2.41649
5.63632
12.7317
7.97859
6.24728
0.784071
15.0363
6.73875
12.1545
7.13783
12.4462
17.4475
12.2782
9.26969
3.13309
12.7628
11.8007
6.13801
10.9853
11.795
18.3779
5.49856
9.22941
14.3077
6.37928
22.3167
7.41247
13.9243
6.89732
14.2189
11.2649
2.43225
10.8787
7.78077
5.6659
21.6712
6.34796
8.96085
8.17606
14.1308
11.9973
2.21051
10.6088
5.97079
9.57754
9.69614
8.79919
8.16398
20.1699
16.5864
2.62325
12.8168
2.44759
5.85771
17.8024
5.82461
8.71575
8.30818
15.098
2.35325
11.2505
4.66784
23.461
5.0884
5.78607
9.12705
11.4831
11.4662
11.575
12.8244
0.4462
15.4194
5.64818
1.39562
25.8335
8.51167
13.0921
19.3989
3.77734
7.54787
5.27776
24.2987
11.2077
8.46747
8.30433
5.76225
22.6945
9.21795
4.16288
10.3937
9.31773
6.42986
9.95061
5.06061
5.02785
5.30125
20.4578
15.1879
5.03285
17.8368
1.71962
8.7872
7.30501
11.385
10.2374
4.09353
3.83676
23.0478
5.4566
8.91885
11.8128
15.4198
8.64412
14.1941
4.42486
6.02699
14.0856
14.3481
3.00019
9.28487
20.8017
10.1335
2.64276
17.3808
4.88712
10.3719
5.67539
8.48481
11.7928
3.97823
20.1309
9.3931
15.9928
4.27584
4.22045
15.9215
16.9622
8.62754
7.38709
6.01991
10.7469
1.48435
6.52701
13.9734
13.0494
5.30505
11.4464
18.3393
3.55935
14.1078
3.75815
16.7177
7.76272
6.58928
8.57074
10.0772
6.12465
15.2071
12.0042
15.3481
7.03622
4.70499
18.7845
14.2868
1.68336
13.2089
8.70012
6.17026
4.86565
28.6217
6.24764
7.33817
4.6984
6.83295
11.4364
6.02147
7.35377
15.5712
4.54682
5.88991
9.09982
10.2832
11.4383
2.63244
13.0181
11.6808
9.74401
21.1082
17.6965
3.9603
0.786907
10.6121
5.91456
15.1104
10.5947
17.1066
6.53568
12.1106
1.27909
9.31604
9.24658
13.2118
6.57067
16.6779
9.2176
17.5319
7.55364
3.6544
12.2713
9.15874
9.19804
9.79765
2.15194
14.7019
7.31607
11.2507
13.5225
27.2087
8.29813
15.3734
4.79902
9.8721
11.5131
9.90522
12.0451
3.52208
13.6062
8.84513
19.1334
0.678607
8.84752
18.1879
4.56246
15.3186
7.8826
5.54485
8.85113
15.1122
0.43553
9.40784
9.87123
18.2599
10.139
9.4089
9.3762
16.5853
16.3111
0.930676
15.1462
7.80732
14.2068
10.3896
7.84283
15.5391
15.155
17.331
5.84356
6.24449
11.6068
8.62058
12.6068
6.88691
15.2052
7.03069
17.9023
1.0635
10.6866
8.98396
20.6495
1.88565
9.21952
13.3727
14.5291
0.236926
8.85025
10.1095
17.159
5.35101
6.0804
18.6328
14.1391
12.1085
1.79623
17.2136
8.46946
7.67812
3.01058
14.2029
15.5287
7.86844
17.715
11.0302
3.16015
9.97334
7.38434
19.6421
2.97188
17.1562
3.77721
26.5632
3.35322
10.6895
13.7507
9.56854
15.5004
9.82882
8.9404
8.97035
11.2929
2.6957
8.73905
24.7479
2.1783
17.103
10.7103
23.3311
6.57557
7.95517
11.3063
6.79165
2.39089
12.9864
15.3245
3.04173
9.24469
12.744
14.2949
5.78185
22.5785
13.0985
14.0408
4.01436
19.6731
7.5497
15.2353
9.23066
5.92614
9.50028
7.63632
22.1922
9.96137
8.62193
22.5279
3.80642
7.65337
8.29611
9.44463
22.0305
12.2181
5.88482
12.4618
21.4356
7.84023
16.9788
1.40928
5.72989
16.0266
29.1177
9.38659
2.13649
2.21281
14.9673
9.00431
20.9934
3.43067
13.7736
6.72562
22.9829
0.858808
10.8414
15.6828
19.8825
17.2889
2.51115
19.8521
19.1661
11.97
9.75043
8.96505
9.86789
15.7508
4.07472
17.7627
13.2874
13.8727
13.442
11.4805
13.162
10.2797
16.6111
2.89793
30.4324
9.65412
5.46275
12.986
15.2064
3.36478
27.3964
3.86655
12.3913
13.9026
9.76685
14.2377
9.87683
21.9378
2.36804
16.1607
18.9354
17.7825
10.1615
17.0269
4.9899
43.0195
8.35964
13.2612
20.2503
4.28631
12.5851
4.25982
15.4725
24.6309
13.4973
13.745
12.7033
1.52837
4.29394
16.6841
29.8167
12.2704
19.726
