10.333
14.0285
25.8053
16.2319
6.72874
20.9753
17.5868
9.38146
11.3259
6.37261
34.9313
6.02375
17.0904
9.68804
8.48306
11.5599
24.9121
25.0843
6.34647
35.8485
7.70481
11.5083
19.3066
1.91576
13.7493
14.9835
10.259
8.50673
14.7543
9.40864
9.33076
22.4349
25.1633
15.3198
9.35514
1.81585
12.3808
13.1443
14.7204
9.746
6.55665
5.04009
20.8862
13.4352
13.2042
7.63711
21.8907
9.1206
22.2914
16.9867
6.47819
12.1801
6.93792
21.8262
17.6224
17.642
8.23727
11.5422
18.6105
18.7541
11.6971
16.6341
9.82855
9.8001
7.67435
5.67221
17.8564
14.2462
8.74087
10.071
5.46338
13.6234
11.5155
6.51278
13.4074
5.81207
15.757
4.45597
17.0119
18.4147
1.77049
26.3988
2.21139
9.4269
9.83019
8.36868
10.8417
28.7445
9.46319
11.5357
11.8074
11.5448
17.5942
3.30185
14.5422
12.4069
3.3214
10.0653
4.33068
17.4824
10.1528
14.294
7.35737
21.5466
9.07756
6.92813
3.70031
7.39738
12.8261
14.4646
6.59813
11.946
20.4073
14.5849
4.97259
17.5482
4.44833
5.10686
4.5157
6.05566
25.7653
6.23105
14.9367
17.7269
12.8394
15.2304
10.1169
7.14949
4.05393
21.1895
8.24378
2.5623
20.9654
10.9009
3.79346
18.7016
3.79374
17.6688
17.7716
3.9897
1.72608
20.2317
7.34646
1.57718
18.1955
9.0451
18.3723
8.93834
1.77067
6.5052
20.9605
18.0293
4.14281
7.48469
10.3601
11.4386
5.80538
19.8844
6.47364
21.1529
14.1787
3.81083
8.81574
2.37761
26.5007
2.41259
8.17996
11.1343
11.0472
7.00367
6.09426
6.65793
13.6472
13.8192
8.70645
3.82421
6.98271
10.4759
14.4056
9.13684
12.9857
21.7257
6.07729
6.0425
13.3821
9.9381
6.18818
19.3
5.12257
9.9999
6.58691
13.4813
12.6842
9.81828
10.929
10.4199
7.93529
4.84219
16.6819
14.3888
4.07314
3.00955
17.1149
10.5843
11.4505
6.44799
9.54391
10.5941
20.2756
10.4551
5.68439
13.3236
4.68935
13.2836
11.8056
5.40788
6.76342
8.95761
12.6454
10.5192
9.07059
16.4954
2.38294
24.0808
1.22133
12.3111
9.10637
8.73286
12.3161
5.9113
8.44042
11.069
6.44192
12.3631
6.18442
9.00564
2.51667
8.78514
29.4272
5.50333
6.04943
9.37396
7.45028
10.0182
3.57265
15.5195
12.9714
11.4925
9.88918
15.0058
6.09011
7.92902
2.36213
11.0995
14.1857
8.08388
8.42792
5.22567
7.6643
18.165
12.6101
8.59376
3.48464
7.95187
3.55784
24.3361
4.39039
15.9078
6.8598
5.08567
17.8798
8.94825
4.21488
13.1312
7.19232
19.042
8.60636
8.3971
5.02276
9.59408
25.9492
3.29257
6.64756
10.7174
7.58178
7.58919
5.41261
16.6909
5.46769
13.2184
8.28611
4.86615
21.0112
10.817
14.9055
13.5302
6.2607
1.93262
29.8359
5.73382
9.7873
9.59859
6.59591
8.05977
3.8232
16.7949
6.67914
6.03978
12.1303
3.0825
19.2245
2.55184
10.5768
8.05481
9.74385
16.3267
8.56166
3.059
19.2596
15.6189
18.2484
2.28738
4.59837
15.3498
13.273
11.4013
6.00575
10.551
12.1451
2.31422
7.21269
2.9869
10.9143
8.81645
5.84759
17.8403
11.8735
6.71543
7.41776
12.4847
16.9917
3.90566
14.0629
0.724179
17.0179
8.20987
13.7702
14.9996
8.58282
13.6405
6.05064
11.9142
8.95881
10.0497
16.107
4.26498
10.2787
12.3515
7.41737
2.86343
8.8602
23.0319
5.57696
9.18691
12.5179
11.5728
5.93918
5.12809
14.3342
23.7831
7.96691
3.68103
5.79072
6.59769
9.3663
8.27434
15.0723
10.671
20.1274
1.43193
7.28733
5.60907
17.2574
6.56958
29.1078
4.61388
9.23339
8.60304
13.3114
4.25528
16.3306
6.74435
14.3879
9.95021
2.24684
12.8819
3.23531
12.3892
11.7397
5.51267
5.2587
29.3065
11.2061
5.94066
14.9107
13.1005
5.57069
16.9641
3.53328
8.11618
10.2025
17.9237
5.50048
2.45847
19.4223
12.7512
3.99176
22.6288
4.5985
7.35802
8.54081
10.4419
4.66025
6.89148
6.26033
16.1457
14.0883
2.36389
18.9299
11.6774
11.3083
19.91
7.17729
8.60425
1.25201
13.1315
24.7643
2.42472
9.52758
15.1087
10.9926
4.90917
16.0537
3.04516
4.38282
10.0745
15.9234
7.34495
8.85802
5.24638
22.5032
13.2575
10.5594
16.2533
8.5451
12.002
14.6206
10.0956
13.0818
5.80784
6.6471
7.35941
16.6416
3.05811
7.26218
14.4166
10.0069
6.91174
16.9654
8.3226
11.8723
18.0226
3.61255
13.5869
4.4824
3.70022
23.5943
1.65317
19.8979
12.8401
15.882
8.32644
7.57625
18.2489
3.58179
5.78992
14.4709
8.7602
11.6134
16.2697
7.1241
4.80372
19.4093
11.7581
10.9338
11.1411
7.34202
9.64633
21.348
13.2708
3.35627
10.9353
14.2268
6.62921
18.1852
14.4216
3.67375
8.54003
13.3506
3.42938
14.6902
8.3671
18.4432
14.4113
11.1547
13.6492
12.9711
9.18494
15.4421
6.74571
7.59835
7.71314
19.4045
14.6012
7.73931
10.5625
20.5964
10.2717
9.67349
21.6278
11.0293
7.65662
14.7609
13.0311
19.3307
3.61616
18.5072
7.79075
11.7176
12.1745
9.93183
4.89922
4.4669
9.7153
19.6985
14.5111
17.1765
12.8572
4.06888
10.7482
16.9351
18.1367
7.22288
18.2844
9.96882
6.80283
4.9753
25.2575
5.48137
21.2764
6.7042
13.3282
23.1186
10.5617
10.577
11.6199
12.0906
5.4865
7.39159
17.3686
16.1001
13.519
28.5426
5.40251
18.6285
10.2918
12.2102
3.54522
9.38282
19.4813
16.7917
25.629
8.02908
6.46404
4.28387
15.8676
12.5197
24.5679
6.34546
25.3753
6.24323
27.0464
10.3305
16.8718
12.9581
5.66949
22.2893
21.7708
19.5128
